0 : 216
111560
234560
223456
334456

1 : 189
111660
234560
223456
334455

2 : 189
111600
234566
223456
334455

3 : 189
111600
234566
223455
334456

4 : 162
111560
234456
223456
334560

5 : 144
111560
234450
223456
334566

6 : 144
111560
234460
223456
334556

7 : 144
111560
234460
223456
334655

8 : 135
111600
234566
223556
334445

9 : 132
111660
234550
223446
334655

10 : 132
111660
234550
223446
334556

11 : 126
111660
234560
223455
334456

12 : 126
111006
234566
223455
334456

13 : 126
111060
234656
223445
334556

14 : 126
111060
234656
223445
334655

15 : 126
111060
234656
223446
334555

16 : 126
111060
234566
223455
334456

17 : 117
111060
234656
223556
334445

18 : 108
111500
234666
223455
334456

19 : 108
111500
234666
223455
334465

20 : 108
111500
234466
223455
334566

21 : 108
111500
234466
223455
334656

22 : 108
111500
234466
223455
334665

23 : 108
111500
234466
223456
334655

24 : 108
111660
234650
223446
334555

25 : 108
111560
234556
223446
334560

26 : 108
111560
234506
223456
334456

27 : 108
111560
234660
223456
334455

28 : 108
111606
234506
223465
334455

29 : 108
111560
234456
223456
334506

30 : 108
111600
234566
223446
334555

31 : 96
111660
234550
223445
334656

32 : 96
111660
234550
223445
334566

33 : 96
111500
234566
223455
334466

34 : 96
111506
234605
223455
334466

35 : 96
111506
234606
223455
334465

36 : 96
111560
234550
223445
334666

37 : 96
111560
234550
223446
334566

38 : 96
111560
234550
223446
334656

39 : 96
111560
234650
223455
334466

40 : 96
111560
234650
223456
334456

41 : 96
111560
234450
223455
334666

42 : 96
111560
234450
223456
334656

43 : 96
111560
234460
223455
334656

44 : 90
111050
234656
223445
334665

45 : 90
111060
234556
223446
334655

46 : 90
111060
234556
223445
334665

47 : 90
111060
234556
223445
334656

48 : 90
111060
234556
223445
334566

49 : 84
111056
234065
223445
334665

50 : 84
111060
234655
223445
334656

51 : 84
111066
234506
223455
334456

52 : 81
111556
234056
223065
334446

53 : 81
111056
234065
223665
334445

54 : 78
111066
234056
223445
334556

55 : 72
111660
234550
223565
334446

56 : 72
111506
234566
223455
334460

57 : 72
111506
234566
223455
334406

58 : 72
111660
234650
223445
334556

59 : 72
111506
234506
223455
334466

60 : 72
111506
234665
223455
334460

61 : 72
111660
234556
223445
334560

62 : 72
111506
234660
223455
334465

63 : 72
111660
234550
223445
334665

64 : 72
111506
234465
223455
334660

65 : 72
111506
234466
223455
334560

66 : 72
111506
234466
223455
334506

67 : 72
111506
234460
223455
334665

68 : 72
111500
234465
223455
334666

69 : 72
111506
234406
223455
334566

70 : 72
111506
234066
223455
334456

71 : 72
111500
234665
223455
334466

72 : 72
111560
234556
223445
334660

73 : 72
111560
234550
223665
334446

74 : 72
111500
234556
223445
334666

75 : 72
111560
234566
223455
334460

76 : 72
111560
234566
223455
334406

77 : 72
111560
234560
223455
334466

78 : 72
111560
234656
223455
334460

79 : 72
111606
234560
223465
334455

80 : 72
111560
234660
223455
334456

81 : 72
111560
234660
223455
334465

82 : 72
111650
234550
223446
334566

83 : 72
111650
234550
223445
334666

84 : 72
111560
234456
223455
334660

85 : 72
111560
234456
223455
334066

86 : 72
111560
234456
223456
334056

87 : 72
111500
234456
223455
334666

88 : 72
111560
234466
223455
334560

89 : 72
111560
234466
223455
334506

90 : 72
111560
234466
223455
334650

91 : 72
111560
234466
223450
334655

92 : 72
111560
234460
223455
334566

93 : 72
111560
234460
223455
334665

94 : 72
111560
234406
223456
334556

95 : 72
111560
234056
223456
334456

96 : 72
111500
234656
223455
334466

97 : 72
111560
234066
223455
334456

98 : 72
111560
234655
223450
334466

99 : 72
111566
234006
223455
334456

100 : 72
111566
234455
223456
334006

101 : 72
111566
234455
223456
334060

102 : 72
111560
234455
223450
334666

103 : 72
111566
234456
223455
334006

104 : 72
111600
234556
223445
334665

105 : 72
111600
234556
223445
334566

106 : 72
111560
234655
223456
334460

107 : 72
111560
234455
223456
334660

108 : 66
111660
234550
223446
336545

109 : 66
111660
234550
223446
336455

110 : 63
111660
234556
223445
334556

111 : 63
111606
234566
223455
334456

112 : 63
111050
234656
223665
334445

113 : 63
111060
234556
223665
334445

114 : 63
111060
234556
223656
334445

115 : 63
111060
234556
223565
334446

116 : 60
111550
234056
223665
334446

117 : 60
111556
234005
223665
334446

118 : 60
111006
234556
223445
334665

119 : 60
111006
234556
223445
334566

120 : 60
111050
234556
223445
334666

121 : 60
111066
234550
223445
334665

122 : 60
111066
234556
223445
334560

123 : 60
111056
234665
223445
334065

124 : 54
111066
234055
223445
334656

125 : 54
111506
234566
223455
334456

126 : 54
111660
234650
223556
334445

127 : 54
111556
234065
223065
334446

128 : 54
111500
234556
223665
334446

129 : 54
111560
234566
223455
334456

130 : 54
111560
234456
223455
334566

131 : 54
111566
234455
223456
334560

132 : 54
111600
234556
223565
334446

133 : 54
111066
234556
223445
334056

134 : 54
111066
234556
223445
334506

135 : 54
111056
234056
223665
334445

136 : 54
111600
234566
223455
336445

137 : 54
111600
234566
223445
336455

138 : 54
111600
234566
223444
336555

139 : 54
111560
234556
223446
335460

140 : 48
111556
234565
223446
334006

141 : 48
111556
234056
223445
334066

142 : 48
111556
234665
223445
334006

143 : 48
111556
234665
223445
334060

144 : 48
111556
234665
223445
334600

145 : 48
111556
234665
223005
334446

146 : 48
111506
234405
223455
334666

147 : 48
111506
234406
223455
334665

148 : 48
111566
234556
223445
334006

149 : 48
111566
234560
223455
334460

150 : 48
111566
234506
223455
334406

151 : 48
111566
234055
223456
334406

152 : 48
111566
234056
223455
334406

153 : 48
111566
234456
223455
334060

154 : 48
111566
234465
223455
334006

155 : 48
111566
234460
223455
334560

156 : 48
111566
234406
223455
334506

157 : 48
111566
234406
223455
334056

158 : 48
111560
234665
223455
334460

159 : 48
111560
234455
223456
334066

160 : 48
111506
234455
223456
334066

161 : 48
111506
234456
223455
334066

162 : 48
111560
234465
223455
334660

163 : 48
111660
234550
223656
334445

164 : 48
111650
234560
223445
336546

165 : 48
111650
234560
223445
336645

166 : 48
111560
234550
223466
335446

167 : 48
111560
234550
223446
335466

168 : 48
111660
234550
223456
336445

169 : 48
111660
234550
223445
336456

170 : 48
111660
234540
223446
336555

171 : 45
111660
234556
223356
334445

172 : 45
111060
234656
223444
335556

173 : 42
111556
234665
223605
334440

174 : 42
111056
234665
223445
334645

175 : 42
111056
234645
223445
334665

176 : 42
111556
234065
223665
334440

177 : 42
111006
234556
223665
334445

178 : 42
111006
234556
223565
334446

179 : 42
111065
234655
223444
334656

180 : 42
111065
234655
223444
334665

181 : 42
111056
234556
223445
334066

182 : 42
111050
234556
223665
334446

183 : 42
111056
234056
223445
334665

184 : 42
111066
234056
223445
334655

185 : 42
111066
234655
223445
334556

186 : 42
111066
234655
223445
334656

187 : 42
111066
234655
223444
334556

188 : 42
111066
234655
223444
334655

189 : 42
111066
234656
223445
334556

190 : 42
111066
234656
223445
334545

191 : 42
111066
234656
223445
334655

192 : 42
111066
234656
223444
334555

193 : 42
111066
234550
223665
334445

194 : 42
111066
234556
223445
334556

195 : 42
111056
234605
223665
334445

196 : 39
111556
234665
223065
334440

197 : 39
111056
234665
223065
334445

198 : 36
111556
234565
223006
334446

199 : 36
111506
234565
223455
334466

200 : 36
111556
234565
223446
334560

201 : 36
111660
234656
223445
334545

202 : 36
111556
234565
223446
334060

203 : 36
111660
234656
223444
334555

204 : 36
111506
234566
223455
334465

205 : 36
111506
234566
223455
334466

206 : 36
111506
234665
223455
334466

207 : 36
111660
234556
223446
334545

208 : 36
111660
234556
223445
334665

209 : 36
111660
234556
223445
334656

210 : 36
111660
234556
223445
334655

211 : 36
111660
234556
223445
334566

212 : 36
111660
234556
223445
334565

213 : 36
111660
234556
223445
334065

214 : 36
111660
234556
223444
334655

215 : 36
111660
234556
223444
334556

216 : 36
111660
234546
223446
334555

217 : 36
111506
234465
223455
334566

218 : 36
111506
234465
223455
334666

219 : 36
111506
234465
223455
334066

220 : 36
111506
234466
223455
334565

221 : 36
111506
234466
223455
334566

222 : 36
111506
234466
223455
334656

223 : 36
111506
234466
223455
334665

224 : 36
111506
234466
223455
334056

225 : 36
111506
234466
223455
334065

226 : 36
111506
234065
223455
334466

227 : 36
111506
234066
223455
334465

228 : 36
111006
234665
223444
336555

229 : 36
111560
234556
223445
334566

230 : 36
111560
234556
223445
334656

231 : 36
111560
234556
223445
334665

232 : 36
111560
234556
223445
334666

233 : 36
111560
234556
223445
334066

234 : 36
111560
234556
223446
334655

235 : 36
111560
234556
223444
334566

236 : 36
111560
234556
223444
334656

237 : 36
111606
234665
223444
334555

238 : 36
111560
234566
223455
334465

239 : 36
111560
234566
223455
334466

240 : 36
111606
234566
223444
334555

241 : 36
111560
234656
223455
334466

242 : 36
111560
234656
223456
334456

243 : 36
111560
234456
223455
334666

244 : 36
111560
234456
223456
334656

245 : 36
111560
234466
223455
334565

246 : 36
111560
234466
223455
334566

247 : 36
111560
234466
223455
334656

248 : 36
111560
234466
223455
334665

249 : 36
111560
234466
223455
334056

250 : 36
111560
234466
223455
334065

251 : 36
111560
234056
223455
334466

252 : 36
111560
234066
223455
334465

253 : 36
111566
234506
223455
334456

254 : 36
111566
234655
223456
334460

255 : 36
111650
234566
223445
334645

256 : 36
111650
234566
223445
334546

257 : 36
111650
234546
223445
334665

258 : 36
111650
234546
223445
334566

259 : 36
111566
234455
223456
334506

260 : 36
111566
234455
223456
334660

261 : 36
111566
234456
223455
334560

262 : 36
111566
234456
223455
334506

263 : 36
111566
234055
223456
334460

264 : 36
111566
234065
223455
334406

265 : 36
111560
234455
223456
334566

266 : 36
111506
234455
223456
334566

267 : 36
111506
234456
223455
334566

268 : 36
111065
234065
223444
336655

269 : 36
111560
234650
223446
336455

270 : 36
111650
234560
223446
335546

271 : 36
111060
234656
223445
336545

272 : 36
111060
234656
223444
336555

273 : 36
111600
234556
223665
334445

274 : 36
111650
234550
223665
334446

275 : 36
111660
234550
223665
334445

276 : 36
111600
234665
223444
336555

277 : 36
111650
234545
223445
336660

278 : 36
111560
234556
223466
335440

279 : 36
111660
234560
223455
336445

280 : 36
111660
234560
223445
336455

281 : 36
111660
234650
223445
336545

282 : 36
111660
234650
223445
336455

283 : 33
111660
234550
223446
335456

284 : 33
111660
234550
223446
335546

285 : 33
111560
234650
223456
336445

286 : 30
111550
234656
223465
330446

287 : 30
111056
234665
223365
334445

288 : 30
111556
234665
223605
334446

289 : 30
111556
234056
223665
334446

290 : 30
111550
234656
223365
334446

291 : 30
111556
234056
223465
330446

292 : 30
111056
234645
223445
330665

293 : 30
111056
234665
223445
330465

294 : 30
111056
234665
223445
330645

295 : 30
111056
234665
223465
330445

296 : 30
111066
234556
223445
330456

297 : 30
111066
234556
223444
334655

298 : 30
111066
234556
223445
334065

299 : 30
111066
234556
223445
334665

300 : 30
111066
234556
223445
334656

301 : 30
111066
234556
223445
334655

302 : 30
111066
234556
223445
334566

303 : 30
111066
234556
223445
334565

304 : 30
111066
234555
223444
334665

305 : 30
111066
234555
223444
334656

306 : 30
111066
234555
223444
334566

307 : 30
111506
234655
223465
330446

308 : 30
111056
234556
223445
334566

309 : 30
111056
234556
223445
334665

310 : 30
111056
234556
223445
334666

311 : 30
111056
234545
223445
334666

312 : 30
111056
234546
223445
334566

313 : 30
111056
234546
223445
334665

314 : 30
111056
234565
223445
334646

315 : 30
111056
234566
223445
334546

316 : 30
111056
234566
223445
334645

317 : 30
111056
234605
223445
334665

318 : 30
111056
234655
223444
334665

319 : 30
111056
234656
223445
334665

320 : 30
111566
234055
223465
330446

321 : 30
111065
234655
223444
330656

322 : 30
111065
234655
223444
330665

323 : 30
111560
234655
223465
330446

324 : 30
111066
234655
223444
330655

325 : 27
111660
234556
223445
330456

326 : 27
111660
234556
223456
330445

327 : 27
111660
234556
223565
334446

328 : 27
111660
234556
223565
334445

329 : 27
111660
234556
223565
334440

330 : 27
111660
234556
223065
334445

331 : 27
111660
234456
223346
334555

332 : 27
111660
234456
223345
334556

333 : 27
111606
234566
223455
330445

334 : 27
111560
234556
223665
334445

335 : 27
111560
234556
223665
334446

336 : 27
111560
234556
223665
334440

337 : 27
111560
234556
223065
334446

338 : 27
111560
234656
223365
334445

339 : 27
111056
234556
223065
334446

340 : 27
111560
234456
223345
334656

341 : 27
111560
234456
223345
334665

342 : 27
111560
234456
223346
334655

343 : 27
111600
234566
223444
335556

344 : 27
111060
234656
223445
336455

345 : 27
111060
234556
223444
336655

346 : 27
111560
234556
223444
330656

347 : 27
111060
234556
223444
335566

348 : 27
111050
234656
223445
336465

349 : 27
111050
234656
223465
336445

350 : 27
111560
234656
223455
330446

351 : 27
111560
234656
223456
330445

352 : 27
111560
234656
223445
330456

353 : 27
111560
234656
223445
330465

354 : 27
111560
234656
223446
330455

355 : 27
111560
234656
223465
330445

356 : 27
111050
234546
223445
336665

357 : 27
111050
234566
223445
336645

358 : 24
111660
234540
223446
335556

359 : 24
111660
234550
223456
335446

360 : 24
111666
234550
223445
334665

361 : 24
111666
234550
223445
334605

362 : 24
111666
234550
223445
334565

363 : 24
111666
234550
223445
334065

364 : 24
111556
234565
223445
334660

365 : 24
111665
234655
223444
334065

366 : 24
111550
234546
223445
334666

367 : 24
111550
234566
223445
334646

368 : 24
111660
234655
223444
334556

369 : 24
111660
234655
223445
334556

370 : 24
111550
234056
223445
334666

371 : 24
111556
234665
223445
334065

372 : 24
111556
234665
223445
334606

373 : 24
111550
234656
223445
334665

374 : 24
111556
234065
223445
334066

375 : 24
111556
234065
223445
334660

376 : 24
111660
234555
223444
334665

377 : 24
111660
234555
223444
334656

378 : 24
111660
234555
223444
334566

379 : 24
111665
234655
223444
330065

380 : 24
111056
234605
223465
336445

381 : 24
111606
234556
223445
334665

382 : 24
111606
234556
223445
334566

383 : 24
111606
234556
223445
334565

384 : 24
111606
234555
223444
334665

385 : 24
111606
234555
223444
334566

386 : 24
111566
234056
223445
330456

387 : 24
111566
234556
223445
334560

388 : 24
111566
234556
223445
334506

389 : 24
111566
234556
223445
334660

390 : 24
111566
234556
223445
334056

391 : 24
111566
234556
223445
334060

392 : 24
111566
234556
223444
334560

393 : 24
111566
234550
223445
334665

394 : 24
111566
234565
223455
334460

395 : 24
111566
234565
223455
334406

396 : 24
111566
234560
223455
334465

397 : 24
111566
234560
223455
334466

398 : 24
111566
234506
223455
334466

399 : 24
111566
234656
223455
334460

400 : 24
111566
234455
223456
334066

401 : 24
111566
234456
223455
334660

402 : 24
111566
234456
223455
334066

403 : 24
111566
234465
223455
334560

404 : 24
111566
234465
223455
334506

405 : 24
111566
234465
223455
334660

406 : 24
111566
234465
223455
334060

407 : 24
111566
234460
223455
334565

408 : 24
111566
234460
223455
334566

409 : 24
111566
234460
223455
334665

410 : 24
111566
234460
223455
334065

411 : 24
111566
234406
223455
334566

412 : 24
111566
234056
223455
334460

413 : 24
111566
234065
223455
334460

414 : 24
111566
234060
223455
334465

415 : 24
111560
234565
223455
334466

416 : 24
111650
234565
223445
334646

417 : 24
111560
234665
223455
334466

418 : 24
111650
234556
223445
334666

419 : 24
111650
234556
223445
334665

420 : 24
111650
234556
223445
334566

421 : 24
111650
234556
223444
334566

422 : 24
111650
234545
223445
334666

423 : 24
111560
234465
223455
334566

424 : 24
111560
234465
223455
334666

425 : 24
111560
234465
223455
334066

426 : 24
111560
234055
223456
334466

427 : 24
111560
234065
223455
334466

428 : 24
111506
234556
223445
334566

429 : 24
111506
234556
223445
334066

430 : 24
111506
234556
223445
334665

431 : 24
111506
234556
223445
334666

432 : 24
111506
234055
223456
334466

433 : 24
111506
234056
223455
334466

434 : 24
111506
234456
223455
334666

435 : 24
111506
234656
223455
334466

436 : 24
111560
234650
223455
336446

437 : 24
111560
234650
223445
336456

438 : 24
111656
234065
223465
330445

439 : 24
111656
234065
223445
330465

440 : 24
111650
234540
223446
335566

441 : 24
111060
234665
223444
336555

442 : 24
111060
234655
223444
336655

443 : 24
111060
234655
223444
336556

444 : 24
111650
234540
223445
336566

445 : 24
111650
234540
223445
336665

446 : 24
111600
234555
223444
336665

447 : 24
111600
234555
223444
336566

448 : 24
111605
236465
223344
336455

449 : 24
111660
234550
223444
336556

450 : 24
111660
234550
223444
336655

451 : 24
111660
234655
223445
336450

452 : 24
111660
236455
223344
336455

453 : 21
111066
234556
223665
334445

454 : 21
111066
234556
223505
334446

455 : 21
111066
234556
223565
334440

456 : 21
111066
234556
223565
334446

457 : 21
111066
234556
223565
334445

458 : 21
111056
234556
223665
334445

459 : 21
111056
234556
223665
334446

460 : 21
111056
234656
223365
334445

461 : 21
111056
234656
223665
334445

462 : 21
111066
234555
223444
330566

463 : 21
111056
234545
223445
330666

464 : 21
111056
234546
223445
330665

465 : 21
111056
234565
223445
330646

466 : 21
111056
234566
223445
330645

467 : 21
111056
234655
223444
330665

468 : 21
111056
234656
223445
330465

469 : 21
111056
234656
223465
330445

470 : 21
111056
234546
223445
330566

471 : 21
111056
234566
223445
330546

472 : 21
111066
234555
223444
330656

473 : 21
111066
234555
223444
330665

474 : 21
111066
234556
223444
330655

475 : 21
111566
234655
223465
330440

476 : 21
111066
234655
223445
330456

477 : 21
111066
234656
223445
330455

478 : 18
111666
234550
223565
334445

479 : 18
111666
234550
223065
334445

480 : 18
111550
234546
223445
330666

481 : 18
111660
234656
223445
330455

482 : 18
111550
234566
223445
330646

483 : 18
111660
234560
223444
335556

484 : 18
111660
234556
223444
330655

485 : 18
111660
234556
223444
335560

486 : 18
111660
234556
223445
335456

487 : 18
111660
234556
223456
335445

488 : 18
111550
234656
223445
330466

489 : 18
111556
234565
223066
334440

490 : 18
111556
234505
223665
334446

491 : 18
111556
234505
223066
334446

492 : 18
111556
234605
223665
334445

493 : 18
111556
234056
223665
334445

494 : 18
111550
234456
223345
334666

495 : 18
111056
234465
223345
334665

496 : 18
111556
234065
223665
334445

497 : 18
111550
234656
223665
334445

498 : 18
111056
234045
223445
336665

499 : 18
111056
234065
223445
336645

500 : 18
111006
234555
223444
336665

501 : 18
111606
234566
223455
335445

502 : 18
111500
234656
223445
336465

503 : 18
111500
234656
223465
336445

504 : 18
111656
234465
223345
334065

505 : 18
111606
234556
223565
334446

506 : 18
111606
234556
223565
334445

507 : 18
111600
234556
223444
335566

508 : 18
111566
234556
223005
334446

509 : 18
111566
234556
223445
334556

510 : 18
111566
234550
223665
334445

511 : 18
111566
234650
223365
334445

512 : 18
111566
234455
223456
334566

513 : 18
111566
234456
223345
334456

514 : 18
111566
234456
223345
334056

515 : 18
111566
234456
223455
334566

516 : 18
111566
234450
223345
334665

517 : 18
111066
234456
223345
334556

518 : 18
111506
234655
223445
330466

519 : 18
111506
234656
223445
330465

520 : 18
111506
234656
223465
330445

521 : 18
111506
234556
223065
334446

522 : 18
111506
234556
223665
334445

523 : 18
111506
234556
223665
334446

524 : 18
111506
234456
223345
334665

525 : 18
111506
234656
223365
334445

526 : 18
111560
234556
223445
330466

527 : 18
111560
234556
223444
330566

528 : 18
111560
234556
223465
330446

529 : 18
111560
234650
223445
336465

530 : 18
111560
234650
223465
336445

531 : 18
111060
234655
223445
336456

532 : 18
111065
234055
223444
336656

533 : 18
111065
234055
223444
336665

534 : 18
111060
234555
223444
336665

535 : 18
111060
234555
223444
336656

536 : 18
111650
234656
223465
330445

537 : 18
111650
234656
223445
330465

538 : 18
111650
234566
223445
330645

539 : 18
111560
234655
223465
336440

540 : 18
111650
234546
223445
330665

541 : 18
111560
236455
223344
336654

542 : 18
111066
234055
223444
336655

543 : 18
111560
234655
223445
330466

544 : 18
111066
234556
223444
335560

545 : 18
111566
234655
223445
330460

546 : 18
111566
234650
223445
330465

547 : 18
111566
234650
223465
330445

548 : 18
111450
234456
223345
336665

549 : 18
111650
236456
223365
334445

550 : 18
111650
236456
223345
334465

551 : 18
111650
234656
223365
334445

552 : 18
111650
234456
223345
334665

553 : 18
111566
234406
223355
334456

554 : 18
111066
234556
223065
334445

555 : 18
111560
234466
223355
334456

556 : 18
111560
234456
223345
334566

557 : 18
111506
234466
223355
334456

558 : 18
111660
236456
223345
334455

559 : 18
111660
234556
223665
334445

560 : 18
111660
234456
223345
334655

561 : 18
111460
234456
223345
336655

562 : 18
111650
234546
223445
336565

563 : 18
111650
234546
223445
336566

564 : 18
111650
234546
223445
336665

565 : 18
111650
234566
223445
336545

566 : 18
111650
234566
223445
336546

567 : 18
111650
234566
223445
336645

568 : 18
111650
234456
223345
336465

569 : 18
111650
234456
223365
336445

570 : 18
111650
234550
223444
336566

571 : 18
111650
234565
223445
336640

572 : 18
111560
234456
223344
335566

573 : 18
111560
234556
223465
335446

574 : 18
111560
234556
223444
335566

575 : 18
111560
234556
223445
335466

576 : 18
111606
234565
223444
336555

577 : 18
111606
234566
223455
336445

578 : 18
111606
234566
223445
336455

579 : 18
111606
234566
223444
336555

580 : 18
111606
234665
223444
336555

581 : 18
111660
234556
223456
336445

582 : 18
111660
234556
223445
336545

583 : 18
111660
234556
223445
336455

584 : 18
111660
234556
223445
336456

585 : 18
111660
234556
223444
336555

586 : 18
111660
234556
223444
336556

587 : 18
111660
234556
223444
336655

588 : 18
111660
234556
223446
336545

589 : 18
111660
234556
223446
336455

590 : 18
111660
234546
223446
336555

591 : 18
111660
234560
223444
336555

592 : 18
111660
234456
223345
336455

593 : 18
111660
234656
223445
336545

594 : 18
111660
234656
223445
336455

595 : 18
111660
234656
223444
336555

596 : 18
111660
234650
223444
336555

597 : 18
111660
234555
223444
336605

598 : 18
111660
234555
223444
336650

599 : 15
111556
234656
223365
334446

600 : 15
111556
234665
223065
334445

601 : 15
111556
234656
223465
330446

602 : 15
111056
234055
223444
336665

603 : 15
111066
234655
223444
330556

604 : 15
111566
234655
223465
330446

605 : 15
111066
234656
223445
330545

606 : 15
111066
234656
223444
330555

607 : 15
111066
234655
223444
335556

608 : 15
111066
234656
223445
335545

609 : 12
111666
234555
223444
330065

610 : 12
111660
234550
223444
335566

611 : 12
111666
234555
223444
334665

612 : 12
111666
234555
223444
334656

613 : 12
111666
234555
223444
334655

614 : 12
111666
234555
223444
334566

615 : 12
111666
234555
223444
334565

616 : 12
111666
234555
223444
334560

617 : 12
111666
234555
223444
334556

618 : 12
111666
234555
223444
334065

619 : 12
111666
234455
223345
334456

620 : 12
111660
234655
223445
330456

621 : 12
111660
234555
223444
330665

622 : 12
111660
234555
223444
330656

623 : 12
111556
234565
223445
334566

624 : 12
111556
234565
223445
334665

625 : 12
111556
234565
223445
334646

626 : 12
111556
234565
223445
334066

627 : 12
111556
234565
223446
334556

628 : 12
111556
234565
223446
334506

629 : 12
111556
234566
223445
334546

630 : 12
111556
234566
223445
334645

631 : 12
111556
234566
223445
334646

632 : 12
111556
234566
223445
334046

633 : 12
111665
234655
223444
334556

634 : 12
111556
234545
223445
334666

635 : 12
111556
234546
223445
334566

636 : 12
111556
234546
223445
334665

637 : 12
111556
234546
223445
334666

638 : 12
111556
234546
223445
334066

639 : 12
111556
234505
223445
334666

640 : 12
111556
234505
223446
334566

641 : 12
111556
234505
223446
334066

642 : 12
111556
234656
223445
334665

643 : 12
111556
234605
223445
334665

644 : 12
111556
234056
223365
334446

645 : 12
111556
234056
223445
334665

646 : 12
111556
234056
223445
334666

647 : 12
111556
234065
223445
334665

648 : 12
111556
234005
223445
334666

649 : 12
111556
234546
223445
330066

650 : 12
111556
234566
223445
330046

651 : 12
111056
234605
223445
336465

652 : 12
111556
234056
223445
330466

653 : 12
111606
234555
223444
330665

654 : 12
111656
234566
223445
334645

655 : 12
111656
234566
223445
334546

656 : 12
111656
234566
223445
334545

657 : 12
111656
234565
223445
334646

658 : 12
111656
234565
223445
334645

659 : 12
111656
234565
223445
334546

660 : 12
111656
234556
223445
334666

661 : 12
111656
234556
223445
334665

662 : 12
111656
234556
223445
334566

663 : 12
111656
234556
223445
334565

664 : 12
111656
234546
223445
334665

665 : 12
111656
234546
223445
334566

666 : 12
111656
234546
223445
334565

667 : 12
111656
234545
223445
334666

668 : 12
111656
234545
223445
334665

669 : 12
111656
234545
223445
334566

670 : 12
111656
234465
223345
334465

671 : 12
111656
234456
223345
334465

672 : 12
111566
234556
223445
330406

673 : 12
111066
234556
223445
335456

674 : 12
111566
234556
223445
334565

675 : 12
111566
234556
223445
334566

676 : 12
111566
234556
223445
334655

677 : 12
111566
234556
223445
334656

678 : 12
111566
234556
223445
334665

679 : 12
111566
234556
223445
334666

680 : 12
111566
234556
223445
334065

681 : 12
111566
234556
223445
334066

682 : 12
111566
234556
223444
334655

683 : 12
111566
234565
223455
334466

684 : 12
111566
234656
223455
334466

685 : 12
111566
234456
223455
334666

686 : 12
111566
234465
223455
334566

687 : 12
111566
234465
223455
334666

688 : 12
111566
234465
223455
334066

689 : 12
111566
234055
223456
334466

690 : 12
111566
234056
223455
334466

691 : 12
111566
234065
223455
334466

692 : 12
111506
234556
223445
330466

693 : 12
111506
234556
223465
330446

694 : 12
111560
234550
223444
336656

695 : 12
111656
234605
223465
330445

696 : 12
111065
234655
223444
336556

697 : 12
111065
234655
223444
336655

698 : 12
111065
234655
223444
336656

699 : 12
111065
234655
223444
336650

700 : 12
111065
234655
223444
336605

701 : 12
111065
234665
223444
336555

702 : 12
111065
234605
223444
336655

703 : 12
111560
234655
223445
336460

704 : 12
111650
234565
223445
330646

705 : 12
111650
234545
223445
330666

706 : 12
111566
234556
223445
330460

707 : 12
111566
234556
223444
330560

708 : 12
111066
234655
223444
336555

709 : 12
111066
234655
223444
336556

710 : 12
111066
234655
223444
336655

711 : 12
111066
234656
223445
336545

712 : 12
111066
234656
223444
336555

713 : 12
111566
234055
223445
330466

714 : 12
111566
234056
223455
330446

715 : 12
111566
234056
223445
330465

716 : 12
111566
234056
223465
330445

717 : 12
111566
235456
223344
330564

718 : 12
111566
235454
223344
330566

719 : 12
111566
234456
223345
334560

720 : 12
111566
234456
223345
334506

721 : 12
111656
236405
223365
334445

722 : 12
111656
234605
223365
334445

723 : 12
111606
234556
223665
334445

724 : 12
111650
234556
223665
334445

725 : 12
111650
234556
223665
334446

726 : 12
111405
236465
223344
336655

727 : 12
111506
234456
223345
334566

728 : 12
111665
236455
223344
330654

729 : 12
111665
236454
223344
330655

730 : 12
111660
236455
223345
334456

731 : 12
111660
234455
223345
334656

732 : 12
111666
234550
223665
334445

733 : 12
111666
234550
223605
334445

734 : 12
111460
234455
223345
336656

735 : 12
111460
236455
223344
336655

736 : 12
111566
234456
223344
335560

737 : 12
111566
234556
223444
335560

738 : 12
111566
234556
223445
335460

739 : 12
111566
234556
223445
335406

740 : 12
111466
234356
223345
334556

741 : 12
111466
234556
223345
334356

742 : 12
111655
236465
223344
336455

743 : 12
111566
235456
223344
335564

744 : 12
111566
235454
223344
335566

745 : 12
111466
234456
223345
334556

746 : 12
111650
234556
223444
336566

747 : 12
111650
234545
223445
336566

748 : 12
111650
234545
223445
336665

749 : 12
111650
234565
223445
336546

750 : 12
111650
234565
223445
336645

751 : 12
111456
234365
223345
334665

752 : 12
111456
234656
223345
334365

753 : 12
111456
234665
223345
334365

754 : 12
111456
234456
223345
334665

755 : 12
111456
234465
223345
334665

756 : 12
111656
234405
223365
336445

757 : 12
111606
234555
223444
336665

758 : 12
111606
234555
223444
336566

759 : 12
111606
234555
223444
336565

760 : 12
111605
234665
223444
336555

761 : 12
111506
234556
223445
335466

762 : 12
111506
234556
223465
335446

763 : 12
111560
235456
223344
335664

764 : 12
111466
234455
223345
334656

765 : 12
111466
234456
223345
334655

766 : 12
111566
235450
223344
335664

767 : 12
111566
235454
223344
335660

768 : 12
111660
234455
223344
336655

769 : 12
111660
234455
223345
336456

770 : 12
111660
234605
223444
336555

771 : 12
111660
234655
223444
336550

772 : 12
111660
234655
223444
336556

773 : 12
111660
234655
223444
336555

774 : 12
111660
234655
223445
336456

775 : 12
111660
234565
223444
336555

776 : 12
111660
234555
223444
336665

777 : 12
111660
234555
223444
336656

778 : 12
111660
234555
223444
336655

779 : 12
111660
234555
223444
336560

780 : 12
111660
234555
223444
336566

781 : 12
111660
234555
223444
336565

782 : 12
111660
234555
223444
336556

783 : 12
111665
236455
223344
336345

784 : 12
111665
236455
223344
336455

785 : 12
111665
236455
223344
336454

786 : 12
111665
236455
223344
336456

787 : 12
111665
236455
223344
336450

788 : 12
111665
236454
223344
336455

789 : 12
111665
236465
223344
336455

790 : 12
111660
236455
223344
336554

791 : 12
111666
236455
223344
336455

792 : 9
111550
234466
223345
336645

793 : 9
111666
234455
223345
334556

794 : 9
111666
234455
223344
334556

795 : 9
111660
234656
223444
335556

796 : 9
111660
234656
223445
335545

797 : 9
111660
234650
223444
335556

798 : 9
111660
234656
223444
330555

799 : 9
111660
234656
223445
330545

800 : 9
111660
234456
223344
335556

801 : 9
111660
234556
223446
335455

802 : 9
111660
234556
223446
335545

803 : 9
111660
234556
223444
335566

804 : 9
111660
234556
223444
335556

805 : 9
111660
234546
223446
330555

806 : 9
111660
234556
223446
330455

807 : 9
111660
234556
223446
330545

808 : 9
111660
234556
223444
330556

809 : 9
111556
234565
223665
334445

810 : 9
111556
234565
223665
334440

811 : 9
111556
234565
223065
334446

812 : 9
111556
234656
223365
334445

813 : 9
111556
234656
223665
334445

814 : 9
111556
234456
223345
334665

815 : 9
111556
234456
223345
334666

816 : 9
111556
234456
223345
334066

817 : 9
111556
234465
223345
334646

818 : 9
111556
234466
223345
334645

819 : 9
111556
234545
223445
330666

820 : 9
111556
234546
223445
330665

821 : 9
111556
234546
223445
330666

822 : 9
111556
234565
223445
330646

823 : 9
111556
234566
223445
330645

824 : 9
111556
234566
223445
330646

825 : 9
111556
234656
223445
330465

826 : 9
111556
234656
223445
330466

827 : 9
111556
234656
223465
330445

828 : 9
111606
234665
223444
330555

829 : 9
111606
234566
223445
335455

830 : 9
111606
234566
223444
330555

831 : 9
111606
234566
223445
330455

832 : 9
111566
234556
223445
330456

833 : 9
111566
234456
223345
330456

834 : 9
111566
230456
223345
334456

835 : 9
111566
234556
223665
334445

836 : 9
111566
234556
223665
334446

837 : 9
111566
234556
223665
334440

838 : 9
111566
234556
223065
334445

839 : 9
111566
234556
223065
334446

840 : 9
111566
234556
223065
334440

841 : 9
111566
234656
223365
334445

842 : 9
111566
234455
223344
334656

843 : 9
111566
234455
223344
334665

844 : 9
111566
234456
223345
334655

845 : 9
111566
234456
223345
334656

846 : 9
111566
234456
223345
334665

847 : 9
111566
234456
223345
334065

848 : 9
111566
234456
223344
334655

849 : 9
111066
234456
223345
334655

850 : 9
111066
234455
223345
334656

851 : 9
111465
236644
223354
330655

852 : 9
111056
234456
223345
334665

853 : 9
111560
234556
223444
336655

854 : 9
111560
234556
223444
336656

855 : 9
111560
234456
223344
336655

856 : 9
111560
234656
223455
336446

857 : 9
111560
234656
223456
336445

858 : 9
111560
234656
223445
336455

859 : 9
111560
234656
223445
336456

860 : 9
111560
234656
223445
336465

861 : 9
111560
234656
223446
336455

862 : 9
111560
234656
223465
336445

863 : 9
111565
236454
223344
336655

864 : 9
111565
236454
223344
336656

865 : 9
111565
236454
223344
336650

866 : 9
111565
236456
223344
336654

867 : 9
111565
236450
223344
336654

868 : 9
111465
230644
223354
336556

869 : 9
111465
230644
223354
336655

870 : 9
111465
230644
223364
336555

871 : 9
111650
234566
223445
335546

872 : 9
111650
234546
223445
335566

873 : 9
111465
236544
223354
336656

874 : 9
111465
236544
223354
336650

875 : 9
111465
236644
223354
336556

876 : 9
111465
236644
223354
336550

877 : 9
111560
236454
223344
336655

878 : 9
111065
236455
223344
336654

879 : 9
111065
236455
223344
336645

880 : 9
111065
236454
223344
336655

881 : 9
111566
234655
223465
336440

882 : 9
111066
234656
223445
336455

883 : 9
111066
234655
223445
336456

884 : 9
111066
234556
223444
336655

885 : 9
111066
234555
223444
336665

886 : 9
111066
234555
223444
336656

887 : 9
111066
234555
223444
336655

888 : 9
111566
236455
223344
336654

889 : 9
111566
236454
223344
336655

890 : 9
111056
234546
223445
335566

891 : 9
111056
234566
223445
335546

892 : 9
111650
234566
223445
330546

893 : 9
111650
234546
223445
330566

894 : 9
111056
234656
223445
336465

895 : 9
111056
234656
223465
336445

896 : 9
111056
234546
223445
336665

897 : 9
111056
234545
223445
336665

898 : 9
111056
234566
223445
336645

899 : 9
111056
234565
223445
336645

900 : 9
111566
234556
223444
330655

901 : 9
111066
234555
223444
335566

902 : 9
111566
234655
223445
330456

903 : 9
111566
234655
223445
330466

904 : 9
111566
234656
223455
330446

905 : 9
111566
234656
223445
330455

906 : 9
111566
234656
223445
330456

907 : 9
111566
234656
223445
330465

908 : 9
111566
234656
223465
330445

909 : 9
111566
235456
223345
334456

910 : 9
111566
234456
223335
334456

911 : 9
111566
234456
223345
334556

912 : 9
111560
234556
223365
334446

913 : 9
111560
234656
223356
334445

914 : 9
111566
234456
223345
335456

915 : 9
111566
234556
223445
335456

916 : 9
111606
234465
223344
336555

917 : 9
111660
234456
223344
336555

918 : 9
111660
234456
223345
336545

919 : 6
111666
234455
223345
330456

920 : 6
111666
230455
223345
334456

921 : 6
111666
234555
223444
330665

922 : 6
111666
234555
223444
330656

923 : 6
111666
234555
223444
330655

924 : 6
111550
234546
223445
336665

925 : 6
111550
234566
223445
336645

926 : 6
111660
234655
223444
335556

927 : 6
111660
234655
223444
330556

928 : 6
111550
234656
223445
336465

929 : 6
111550
234656
223465
336445

930 : 6
111660
234555
223444
335566

931 : 6
111660
234555
223444
330566

932 : 6
111556
234546
223445
330566

933 : 6
111556
234566
223445
330546

934 : 6
111556
234465
223345
330646

935 : 6
111556
234466
223345
330645

936 : 6
111656
230465
223345
334465

937 : 6
111656
230456
223345
334465

938 : 6
111606
234555
223444
335566

939 : 6
111606
234555
223444
330566

940 : 6
111566
234056
223365
334445

941 : 6
111506
234455
223344
336665

942 : 6
111506
234656
223445
336465

943 : 6
111506
234656
223465
336445

944 : 6
111656
234656
223465
330445

945 : 6
111656
234656
223445
330465

946 : 6
111656
234605
223445
330465

947 : 6
111656
234465
223345
330465

948 : 6
111065
234465
223344
336655

949 : 6
111656
234456
223345
330465

950 : 6
111656
234566
223445
330645

951 : 6
111656
234565
223445
330646

952 : 6
111656
234565
223445
330645

953 : 6
111656
234546
223445
330665

954 : 6
111656
234545
223445
330666

955 : 6
111656
234545
223445
330665

956 : 6
111560
234455
223344
336656

957 : 6
111560
234455
223344
336665

958 : 6
111560
234655
223445
336456

959 : 6
111650
234556
223444
335566

960 : 6
111465
236044
223354
336655

961 : 6
111566
234556
223445
330465

962 : 6
111566
234556
223445
330466

963 : 6
111566
234556
223465
330445

964 : 6
111566
234556
223465
330446

965 : 6
111566
234556
223465
330440

966 : 6
111566
234556
223405
330446

967 : 6
111566
234655
223445
336460

968 : 6
111566
234650
223445
336465

969 : 6
111566
234650
223465
336445

970 : 6
111465
230544
223354
336665

971 : 6
111465
230544
223354
336656

972 : 6
111465
235544
223354
330666

973 : 6
111650
234556
223444
330566

974 : 6
111566
234455
223344
330656

975 : 6
111566
234455
223344
330665

976 : 6
111566
234456
223344
330655

977 : 6
111466
234456
223345
335556

978 : 6
111466
234456
223345
330556

979 : 6
111455
236465
223344
336655

980 : 6
111566
234456
223345
334566

981 : 6
111566
234456
223345
334565

982 : 6
111566
234455
223344
334566

983 : 6
111656
236455
223344
334465

984 : 6
111656
236456
223365
334445

985 : 6
111656
236456
223345
334465

986 : 6
111656
236465
223345
334345

987 : 6
111656
236445
223345
334465

988 : 6
111656
236405
223345
334465

989 : 6
111656
234556
223665
334445

990 : 6
111656
234556
223665
334446

991 : 6
111656
234365
223365
334445

992 : 6
111656
234656
223365
334445

993 : 6
111656
234455
223344
334665

994 : 6
111656
234456
223365
334345

995 : 6
111656
234456
223365
334445

996 : 6
111656
234456
223345
334665

997 : 6
111656
234465
223365
334345

998 : 6
111656
234465
223365
334445

999 : 6
111656
234465
223345
334645

1000 : 6
111656
234405
223345
334665

1001 : 6
111656
234065
223365
334445

1002 : 6
111456
234345
223345
336665

1003 : 6
111456
234365
223345
336645

1004 : 6
111456
234455
223344
336665

1005 : 6
111456
234456
223345
336665

1006 : 6
111456
234465
223345
336645

1007 : 6
111456
234405
223345
336665

1008 : 6
111456
234655
223344
336365

1009 : 6
111456
234645
223345
336365

1010 : 6
111456
234665
223345
336345

1011 : 6
111456
234456
223345
330665

1012 : 6
111456
234465
223345
330665

1013 : 6
111506
234556
223365
334446

1014 : 6
111665
236455
223344
334456

1015 : 6
111665
236455
223344
334465

1016 : 6
111665
236465
223344
334455

1017 : 6
111660
236456
223344
335554

1018 : 6
111556
234466
223345
334546

1019 : 6
111665
234455
223344
334656

1020 : 6
111665
234455
223344
334665

1021 : 6
111556
234456
223345
334566

1022 : 6
111666
236455
223345
334456

1023 : 6
111666
236455
223344
334455

1024 : 6
111666
234455
223345
334656

1025 : 6
111666
234455
223344
334655

1026 : 6
111465
234365
223344
336655

1027 : 6
111465
234455
223344
336656

1028 : 6
111465
234455
223344
336665

1029 : 6
111465
234465
223344
336655

1030 : 6
111465
234655
223344
336365

1031 : 6
111560
235456
223344
336654

1032 : 6
111465
236345
223344
336655

1033 : 6
111465
236344
223345
336655

1034 : 6
111465
236455
223344
336655

1035 : 6
111465
236455
223344
336654

1036 : 6
111465
236455
223344
336656

1037 : 6
111465
236455
223344
336650

1038 : 6
111465
236455
223344
336645

1039 : 6
111465
236454
223344
336655

1040 : 6
111465
236465
223344
336655

1041 : 6
111465
236655
223344
336345

1042 : 6
111465
236045
223344
336655

1043 : 6
111465
236044
223345
336655

1044 : 6
111466
234455
223345
336656

1045 : 6
111466
234455
223344
336655

1046 : 6
111466
234456
223345
336655

1047 : 6
111466
236455
223344
336655

1048 : 6
111466
234455
223345
330656

1049 : 6
111466
234456
223345
330655

1050 : 6
111566
234456
223344
335564

1051 : 6
111566
234454
223344
335566

1052 : 6
111566
234455
223344
335566

1053 : 6
111566
234556
223465
335446

1054 : 6
111566
234556
223465
335445

1055 : 6
111566
234556
223465
335440

1056 : 6
111655
234665
223444
336555

1057 : 6
111566
234556
223445
335466

1058 : 6
111566
234556
223445
335465

1059 : 6
111566
234556
223405
335446

1060 : 6
111566
230456
223344
335564

1061 : 6
111566
230454
223344
335566

1062 : 6
111566
235456
223344
335064

1063 : 6
111566
235454
223344
335066

1064 : 6
111656
234545
223445
336565

1065 : 6
111656
234545
223445
336566

1066 : 6
111656
234545
223445
336665

1067 : 6
111656
234546
223445
336565

1068 : 6
111656
234546
223445
336566

1069 : 6
111656
234546
223445
336665

1070 : 6
111656
234565
223445
336545

1071 : 6
111656
234565
223445
336546

1072 : 6
111656
234565
223445
336645

1073 : 6
111656
234566
223445
336545

1074 : 6
111656
234566
223445
336546

1075 : 6
111656
234566
223445
336645

1076 : 6
111656
234455
223344
336465

1077 : 6
111656
234456
223345
336465

1078 : 6
111656
234456
223365
336445

1079 : 6
111656
234465
223345
336445

1080 : 6
111656
234405
223345
336465

1081 : 6
111656
230455
223344
336465

1082 : 6
111656
230465
223345
336445

1083 : 6
111656
230445
223345
336465

1084 : 6
111560
235454
223344
335666

1085 : 6
111466
234356
223345
334655

1086 : 6
111466
234355
223345
334656

1087 : 6
111466
234656
223345
334355

1088 : 6
111466
234655
223345
334356

1089 : 6
111566
235456
223344
335654

1090 : 6
111566
235454
223344
335656

1091 : 6
111565
235456
223344
335664

1092 : 6
111565
235454
223344
335666

1093 : 6
111456
234356
223345
334665

1094 : 6
111645
236564
223334
336554

1095 : 6
111645
236554
223334
336654

1096 : 6
111665
234565
223444
336555

1097 : 6
111665
234455
223344
336456

1098 : 6
111665
234455
223344
336465

1099 : 6
111665
234455
223344
336655

1100 : 6
111665
234455
223344
336654

1101 : 6
111665
234455
223344
336656

1102 : 6
111665
234455
223344
336650

1103 : 6
111665
234455
223344
336605

1104 : 6
111556
234466
223345
335546

1105 : 6
111665
234454
223344
336655

1106 : 6
111665
234465
223344
336455

1107 : 6
111660
234465
223344
336555

1108 : 6
111665
234405
223344
336655

1109 : 6
111660
234455
223344
336556

1110 : 6
111665
234655
223444
336555

1111 : 6
111665
234655
223444
336556

1112 : 6
111665
234655
223444
336550

1113 : 6
111556
234566
223445
335546

1114 : 6
111556
234546
223445
335566

1115 : 6
111665
234605
223444
336555

1116 : 6
111665
230455
223344
336654

1117 : 6
111665
230455
223344
336456

1118 : 6
111665
230455
223344
336465

1119 : 6
111665
230454
223344
336655

1120 : 6
111665
230465
223344
336455

1121 : 6
111660
236454
223344
336555

1122 : 6
111665
236450
223344
336554

1123 : 6
111665
236455
223344
336554

1124 : 6
111556
235465
223346
335644

1125 : 6
111665
236456
223344
336554

1126 : 6
111556
235465
223344
335646

1127 : 6
111665
236454
223344
336550

1128 : 6
111665
236454
223344
336555

1129 : 6
111665
236454
223344
336556

1130 : 6
111665
236445
223334
336455

1131 : 6
111666
234555
223444
336555

1132 : 6
111666
234555
223444
336556

1133 : 6
111666
234555
223444
336565

1134 : 6
111666
234555
223444
336566

1135 : 6
111666
234555
223444
336560

1136 : 6
111666
234555
223444
336655

1137 : 6
111666
234555
223444
336656

1138 : 6
111666
234555
223444
336665

1139 : 6
111666
234455
223345
336456

1140 : 6
111666
234455
223344
336455

1141 : 6
111666
234455
223344
336655

1142 : 6
111666
230455
223344
336455

1143 : 6
111666
236454
223344
336555

1144 : 6
111666
236455
223344
336554

1145 : 3
111666
234454
223344
335556

1146 : 3
111666
234455
223344
335556

1147 : 3
111666
234455
223344
330556

1148 : 3
111666
234555
223444
335566

1149 : 3
111666
234555
223444
335565

1150 : 3
111666
234555
223444
335560

1151 : 3
111666
234555
223444
335556

1152 : 3
111666
230454
223344
335556

1153 : 3
111666
234555
223444
330566

1154 : 3
111666
234555
223444
330560

1155 : 3
111666
234555
223444
330565

1156 : 3
111666
234555
223444
330556

1157 : 3
111556
234545
223445
336665

1158 : 3
111556
234546
223445
336665

1159 : 3
111556
234565
223445
336645

1160 : 3
111556
234566
223445
336645

1161 : 3
111665
234655
223444
335556

1162 : 3
111556
234445
223334
336665

1163 : 3
111556
234465
223345
336645

1164 : 3
111556
234465
223345
336644

1165 : 3
111556
234465
223344
336645

1166 : 3
111556
234466
223345
336645

1167 : 3
111556
234656
223445
336465

1168 : 3
111556
234656
223465
336445

1169 : 3
111556
230465
223345
336644

1170 : 3
111556
230465
223344
336645

1171 : 3
111665
234655
223444
330556

1172 : 3
111565
234454
223344
336656

1173 : 3
111565
234454
223344
336665

1174 : 3
111565
234456
223344
336654

1175 : 3
111656
234566
223445
335546

1176 : 3
111656
234566
223445
335545

1177 : 3
111656
234565
223445
335546

1178 : 3
111656
234546
223445
335566

1179 : 3
111656
234546
223445
335565

1180 : 3
111656
234545
223445
335566

1181 : 3
111565
230456
223344
336654

1182 : 3
111565
230454
223344
336656

1183 : 3
111565
230454
223344
336665

1184 : 3
111465
235544
223354
336665

1185 : 3
111465
235544
223354
336660

1186 : 3
111566
234556
223444
336655

1187 : 3
111566
234455
223344
336655

1188 : 3
111566
234455
223344
336654

1189 : 3
111566
234455
223344
336656

1190 : 3
111566
234455
223344
336665

1191 : 3
111566
234454
223344
336655

1192 : 3
111566
234456
223344
336655

1193 : 3
111066
234455
223344
336655

1194 : 3
111566
234655
223445
336456

1195 : 3
111566
234656
223455
336446

1196 : 3
111566
234656
223445
336455

1197 : 3
111566
234656
223445
336456

1198 : 3
111566
234656
223445
336465

1199 : 3
111566
234656
223465
336445

1200 : 3
111566
230455
223344
336654

1201 : 3
111566
230454
223344
336655

1202 : 3
111065
234455
223344
336665

1203 : 3
111065
234455
223344
336656

1204 : 3
111656
234566
223445
330546

1205 : 3
111656
234566
223445
330545

1206 : 3
111656
234565
223445
330546

1207 : 3
111656
234546
223445
330566

1208 : 3
111656
234546
223445
330565

1209 : 3
111656
234545
223445
330566

1210 : 3
111056
234465
223345
336645

1211 : 3
111056
234455
223344
336665

1212 : 3
111566
234556
223305
334446

1213 : 3
111660
236454
223344
335556

1214 : 3
111666
236455
223345
335544

1215 : 3
111666
236455
223344
335554

1216 : 3
111666
236455
223344
335545

1217 : 3
111666
236454
223344
335556

1218 : 3
111556
235465
223345
336644

1219 : 3
111665
236456
223344
335554

1220 : 3
111556
235465
223344
336645

1221 : 3
111665
236454
223344
335556

1222 : 3
111556
235465
223344
330646

1223 : 3
111556
235465
223346
330644

1224 : 3
111445
236464
223335
336655

1225 : 3
111556
234566
223335
334446

1226 : 3
111556
234446
223335
334566

1227 : 3
111556
234446
223335
334665

1228 : 3
111560
235454
223344
336656

1229 : 3
111565
235450
223344
336664

1230 : 3
111565
235456
223344
336654

1231 : 3
111565
235454
223344
336656

1232 : 3
111565
235454
223344
336660

1233 : 3
111565
235454
223344
336665

1234 : 3
111466
234355
223344
336655

1235 : 3
111466
230645
223344
336555

1236 : 3
111466
234655
223344
336355

1237 : 3
111566
235455
223344
336654

1238 : 3
111566
235456
223344
336654

1239 : 3
111566
235454
223344
336655

1240 : 3
111566
235454
223344
336656

1241 : 3
111465
234355
223344
336665

1242 : 3
111465
234355
223344
336656

1243 : 3
111465
234665
223344
336355

1244 : 3
111465
234655
223344
336356

1245 : 3
111465
236354
223344
336655

1246 : 3
111465
236355
223344
336645

1247 : 3
111465
236355
223344
336654

1248 : 3
111465
236445
223334
336655

1249 : 3
111456
235544
223345
335666

1250 : 3
111465
236644
223345
336355

1251 : 3
111456
235545
223344
335666

1252 : 3
111465
236645
223344
336355

1253 : 3
111465
236654
223344
336355

1254 : 3
111465
236655
223344
336354

1255 : 3
111565
235454
223344
330666

1256 : 3
111565
235456
223344
330664

1257 : 3
111656
234356
223365
334445

1258 : 3
111456
234355
223344
336665

1259 : 3
111456
230544
223345
336665

1260 : 3
111456
230545
223344
336665

1261 : 3
111566
235454
223344
330656

1262 : 3
111566
235456
223344
330654

1263 : 3
111566
234556
223365
334440

1264 : 3
111566
234556
223365
334445

1265 : 3
111566
234556
223365
334446

1266 : 3
111456
235545
223344
330666

1267 : 3
111456
235544
223345
330666

1268 : 3
111665
230456
223344
336554

1269 : 3
111665
230454
223344
336556

1270 : 3
111665
230465
223344
336554

1271 : 3
111665
230464
223344
336555

1272 : 3
111666
234445
223334
336555

1273 : 3
111666
234454
223344
336555

1274 : 3
111666
234455
223344
336545

1275 : 3
111666
234455
223344
336554

1276 : 3
111666
234455
223344
336556

1277 : 3
111666
234455
223344
336555

1278 : 3
111666
234455
223345
336544

1279 : 3
111666
230455
223345
336544

1280 : 3
111666
230455
223344
336554

1281 : 3
111666
230455
223344
336545

1282 : 3
111666
230454
223344
336555

1283 : 3
111665
234464
223344
336555

1284 : 3
111665
234465
223344
336554

1285 : 3
111665
234465
223344
336555

1286 : 3
111665
234454
223344
336556

1287 : 3
111665
234456
223344
336554

1288 : 3
111665
234455
223344
336556

